  ----- ----- ----- ----- ----- ----- ----- ----- ----- -----
| 23003 15071  2203  1009  1355   537   371   409   649  2233
|  2850  3020  1897  1193  1980  1587   880   868   546 15150
|   519   819   461   179   147    69    97   142   259  1019
|   741   389   394   116   422   233   384   492  1195 92961
|  1493   535   459   160   302   189   353   572   882 14840
|   126   108   240    16    22    18    44    48   103   611
|    74   165   325   336   375   397    43   148   186   308
|    46    96   179     9    15    78   413   518   434   564
|    54    59   192    30   110   518   665   323   533   362
|   412   186   320   405   783   279   450  1001  1211 10866
